 Москва,12198,101,135
 Санкт-Петербург,5192,190,199
 Новосибирск,1567,630,630
 Екатеринбург,1428,620,620
 Казань,1206,420,420
 Самара,1171,443,443
 Омск,1174,644,644
 Челябинск,1182,454,454
 Ростов-на-Дону,1115,344,344
 Уфа,1097,450,450
 Волгоград,1017,400,400
 Красноярск,1052,660,660
 Пермь,1036,614,614
 Воронеж,1024,394,394
 Саратов,842,410,410
 Краснодар,830,350,350
 Тольятти,719,445,445
 Барнаул,636,656,656
 Тюмень,697,625,625
 Ижевск,642,426,426
 Ульяновск,619,432,432
 Иркутск,620,664,664
 Владивосток,604,690,690
 Ярославль,604,150,150
 Хабаровск,607,680,680
 Махачкала,583,367,367
 Оренбург,561,460,460
 Новокузнецк,550,654,654
 Томск,565,634,634
 Кемерово,549,650,650
 Рязань,533,390,390
 Астрахань,531,414,414
 Пенза,523,440,440
 Липецк,510,398,398
 Тула,488,300,300
 Киров,493,610,610
 Чебоксары,474,428,428
 Калининград,453,236,236
 Курск,431,305,305
 Улан-Удэ,427,670,670
 Ставрополь,426,355,355
 Магнитогорск,417,455,455
 Брянск,408,241,241
 Иваново,409,153,153
 Тверь,414,170,170
 Белгород,384,308,308
 Сочи,390,354,354